(kicad_pcb (version 20171130) (host pcbnew "(5.0.2)-1")

  (general
    (thickness 1.6)
    (drawings 9)
    (tracks 0)
    (zones 0)
    (modules 21)
    (nets 4)
  )

  (page A4)
  (layers
    (0 F.Cu signal)
    (31 B.Cu signal)
    (32 B.Adhes user)
    (33 F.Adhes user)
    (34 B.Paste user)
    (35 F.Paste user)
    (36 B.SilkS user)
    (37 F.SilkS user)
    (38 B.Mask user)
    (39 F.Mask user)
    (40 Dwgs.User user)
    (41 Cmts.User user)
    (42 Eco1.User user)
    (43 Eco2.User user)
    (44 Edge.Cuts user)
    (45 Margin user)
    (46 B.CrtYd user)
    (47 F.CrtYd user)
    (48 B.Fab user)
    (49 F.Fab user)
  )

  (setup
    (last_trace_width 0.25)
    (trace_clearance 0.2)
    (zone_clearance 0.508)
    (zone_45_only no)
    (trace_min 0.2)
    (segment_width 0.2)
    (edge_width 0.15)
    (via_size 0.8)
    (via_drill 0.4)
    (via_min_size 0.4)
    (via_min_drill 0.3)
    (uvia_size 0.3)
    (uvia_drill 0.1)
    (uvias_allowed no)
    (uvia_min_size 0.2)
    (uvia_min_drill 0.1)
    (pcb_text_width 0.3)
    (pcb_text_size 1.5 1.5)
    (mod_edge_width 0.15)
    (mod_text_size 1 1)
    (mod_text_width 0.15)
    (pad_size 1.524 1.524)
    (pad_drill 0.762)
    (pad_to_mask_clearance 0.051)
    (solder_mask_min_width 0.25)
    (aux_axis_origin 13.97 13.97)
    (visible_elements 7FFFFFFF)
    (pcbplotparams
      (layerselection 0x010fc_ffffffff)
      (usegerberextensions false)
      (usegerberattributes false)
      (usegerberadvancedattributes false)
      (creategerberjobfile false)
      (excludeedgelayer true)
      (linewidth 0.100000)
      (plotframeref false)
      (viasonmask false)
      (mode 1)
      (useauxorigin false)
      (hpglpennumber 1)
      (hpglpenspeed 20)
      (hpglpendiameter 15.000000)
      (psnegative false)
      (psa4output false)
      (plotreference true)
      (plotvalue true)
      (plotinvisibletext false)
      (padsonsilk false)
      (subtractmaskfromsilk false)
      (outputformat 1)
      (mirror false)
      (drillshape 1)
      (scaleselection 1)
      (outputdirectory ""))
  )

  (net 0 "")
  (net 1 "Net-(U1-Pad1)")
  (net 2 GND)
  (net 3 "Net-(J3-Pad6)")

  (net_class Default "Dies ist die voreingestellte Netzklasse."
    (clearance 0.2)
    (trace_width 0.25)
    (via_dia 0.8)
    (via_drill 0.4)
    (uvia_dia 0.3)
    (uvia_drill 0.1)
    (add_net GND)
    (add_net "Net-(J3-Pad6)")
    (add_net "Net-(U1-Pad1)")
  )

  (module MountingHole:MountingHole_5.3mm_M5 (layer F.Cu) (tedit 5C67C680) (tstamp 5C74588B)
    (at 20.8 20.3)
    (descr "Mounting Hole 5.3mm, no annular, M5")
    (tags "mounting hole 5.3mm no annular m5")
    (path /5C67C5A6)
    (attr virtual)
    (fp_text reference H1 (at 0 -6.3) (layer F.SilkS)
      (effects (font (size 1 1) (thickness 0.15)))
    )
    (fp_text value "Case Screw" (at 0 6.3) (layer F.Fab)
      (effects (font (size 1 1) (thickness 0.15)))
    )
    (fp_circle (center 0 0) (end 5.55 0) (layer F.CrtYd) (width 0.05))
    (fp_circle (center 0 0) (end 5.3 0) (layer Cmts.User) (width 0.15))
    (fp_text user %R (at 0.3 0) (layer F.Fab)
      (effects (font (size 1 1) (thickness 0.15)))
    )
    (pad 1 np_thru_hole circle (at 0 0) (size 5.3 5.3) (drill 5.3) (layers *.Cu *.Mask))
  )

  (module MountingHole:MountingHole_5.3mm_M5 (layer F.Cu) (tedit 56D1B4CB) (tstamp 5C7458B5)
    (at 42.2 131.7)
    (descr "Mounting Hole 5.3mm, no annular, M5")
    (tags "mounting hole 5.3mm no annular m5")
    (path /5C67C49F)
    (attr virtual)
    (fp_text reference H2 (at 0 -6.3) (layer F.SilkS)
      (effects (font (size 1 1) (thickness 0.15)))
    )
    (fp_text value "Case Screw" (at 0 6.3) (layer F.Fab)
      (effects (font (size 1 1) (thickness 0.15)))
    )
    (fp_text user %R (at 0.3 0) (layer F.Fab)
      (effects (font (size 1 1) (thickness 0.15)))
    )
    (fp_circle (center 0 0) (end 5.3 0) (layer Cmts.User) (width 0.15))
    (fp_circle (center 0 0) (end 5.55 0) (layer F.CrtYd) (width 0.05))
    (pad 1 np_thru_hole circle (at 0 0) (size 5.3 5.3) (drill 5.3) (layers *.Cu *.Mask))
  )

  (module RF_Module:ESP32-WROOM-32 (layer F.Cu) (tedit 5B5B4654) (tstamp 5C751B24)
    (at 38.1 35.56)
    (descr "Single 2.4 GHz Wi-Fi and Bluetooth combo chip https://www.espressif.com/sites/default/files/documentation/esp32-wroom-32_datasheet_en.pdf")
    (tags "Single 2.4 GHz Wi-Fi and Bluetooth combo  chip")
    (path /5C688B86)
    (attr smd)
    (fp_text reference U1 (at -10.61 8.43 90) (layer F.SilkS)
      (effects (font (size 1 1) (thickness 0.15)))
    )
    (fp_text value ESP32-WROOM-32D (at 0 11.5) (layer F.Fab)
      (effects (font (size 1 1) (thickness 0.15)))
    )
    (fp_text user %R (at 0 0) (layer F.Fab)
      (effects (font (size 1 1) (thickness 0.15)))
    )
    (fp_text user "KEEP-OUT ZONE" (at 0 -19) (layer Cmts.User)
      (effects (font (size 1 1) (thickness 0.15)))
    )
    (fp_text user Antenna (at 0 -13) (layer Cmts.User)
      (effects (font (size 1 1) (thickness 0.15)))
    )
    (fp_text user "5 mm" (at 11.8 -14.375) (layer Cmts.User)
      (effects (font (size 0.5 0.5) (thickness 0.1)))
    )
    (fp_text user "5 mm" (at -11.2 -14.375) (layer Cmts.User)
      (effects (font (size 0.5 0.5) (thickness 0.1)))
    )
    (fp_text user "5 mm" (at 7.8 -19.075 90) (layer Cmts.User)
      (effects (font (size 0.5 0.5) (thickness 0.1)))
    )
    (fp_line (start -14 -9.97) (end -14 -20.75) (layer Dwgs.User) (width 0.1))
    (fp_line (start 9 9.76) (end 9 -15.745) (layer F.Fab) (width 0.1))
    (fp_line (start -9 9.76) (end 9 9.76) (layer F.Fab) (width 0.1))
    (fp_line (start -9 -15.745) (end -9 -10.02) (layer F.Fab) (width 0.1))
    (fp_line (start -9 -15.745) (end 9 -15.745) (layer F.Fab) (width 0.1))
    (fp_line (start -9.75 10.5) (end -9.75 -9.72) (layer F.CrtYd) (width 0.05))
    (fp_line (start -9.75 10.5) (end 9.75 10.5) (layer F.CrtYd) (width 0.05))
    (fp_line (start 9.75 -9.72) (end 9.75 10.5) (layer F.CrtYd) (width 0.05))
    (fp_line (start -14.25 -21) (end 14.25 -21) (layer F.CrtYd) (width 0.05))
    (fp_line (start -9 -9.02) (end -9 9.76) (layer F.Fab) (width 0.1))
    (fp_line (start -8.5 -9.52) (end -9 -10.02) (layer F.Fab) (width 0.1))
    (fp_line (start -9 -9.02) (end -8.5 -9.52) (layer F.Fab) (width 0.1))
    (fp_line (start 14 -9.97) (end -14 -9.97) (layer Dwgs.User) (width 0.1))
    (fp_line (start 14 -9.97) (end 14 -20.75) (layer Dwgs.User) (width 0.1))
    (fp_line (start 14 -20.75) (end -14 -20.75) (layer Dwgs.User) (width 0.1))
    (fp_line (start -14.25 -21) (end -14.25 -9.72) (layer F.CrtYd) (width 0.05))
    (fp_line (start 14.25 -21) (end 14.25 -9.72) (layer F.CrtYd) (width 0.05))
    (fp_line (start -14.25 -9.72) (end -9.75 -9.72) (layer F.CrtYd) (width 0.05))
    (fp_line (start 9.75 -9.72) (end 14.25 -9.72) (layer F.CrtYd) (width 0.05))
    (fp_line (start -12.525 -20.75) (end -14 -19.66) (layer Dwgs.User) (width 0.1))
    (fp_line (start -10.525 -20.75) (end -14 -18.045) (layer Dwgs.User) (width 0.1))
    (fp_line (start -8.525 -20.75) (end -14 -16.43) (layer Dwgs.User) (width 0.1))
    (fp_line (start -6.525 -20.75) (end -14 -14.815) (layer Dwgs.User) (width 0.1))
    (fp_line (start -4.525 -20.75) (end -14 -13.2) (layer Dwgs.User) (width 0.1))
    (fp_line (start -2.525 -20.75) (end -14 -11.585) (layer Dwgs.User) (width 0.1))
    (fp_line (start -0.525 -20.75) (end -14 -9.97) (layer Dwgs.User) (width 0.1))
    (fp_line (start 1.475 -20.75) (end -12 -9.97) (layer Dwgs.User) (width 0.1))
    (fp_line (start 3.475 -20.75) (end -10 -9.97) (layer Dwgs.User) (width 0.1))
    (fp_line (start -8 -9.97) (end 5.475 -20.75) (layer Dwgs.User) (width 0.1))
    (fp_line (start 7.475 -20.75) (end -6 -9.97) (layer Dwgs.User) (width 0.1))
    (fp_line (start 9.475 -20.75) (end -4 -9.97) (layer Dwgs.User) (width 0.1))
    (fp_line (start 11.475 -20.75) (end -2 -9.97) (layer Dwgs.User) (width 0.1))
    (fp_line (start 13.475 -20.75) (end 0 -9.97) (layer Dwgs.User) (width 0.1))
    (fp_line (start 14 -19.66) (end 2 -9.97) (layer Dwgs.User) (width 0.1))
    (fp_line (start 14 -18.045) (end 4 -9.97) (layer Dwgs.User) (width 0.1))
    (fp_line (start 14 -16.43) (end 6 -9.97) (layer Dwgs.User) (width 0.1))
    (fp_line (start 14 -14.815) (end 8 -9.97) (layer Dwgs.User) (width 0.1))
    (fp_line (start 14 -13.2) (end 10 -9.97) (layer Dwgs.User) (width 0.1))
    (fp_line (start 14 -11.585) (end 12 -9.97) (layer Dwgs.User) (width 0.1))
    (fp_line (start 9.2 -13.875) (end 13.8 -13.875) (layer Cmts.User) (width 0.1))
    (fp_line (start 13.8 -13.875) (end 13.6 -14.075) (layer Cmts.User) (width 0.1))
    (fp_line (start 13.8 -13.875) (end 13.6 -13.675) (layer Cmts.User) (width 0.1))
    (fp_line (start 9.2 -13.875) (end 9.4 -14.075) (layer Cmts.User) (width 0.1))
    (fp_line (start 9.2 -13.875) (end 9.4 -13.675) (layer Cmts.User) (width 0.1))
    (fp_line (start -13.8 -13.875) (end -13.6 -14.075) (layer Cmts.User) (width 0.1))
    (fp_line (start -13.8 -13.875) (end -13.6 -13.675) (layer Cmts.User) (width 0.1))
    (fp_line (start -9.2 -13.875) (end -9.4 -13.675) (layer Cmts.User) (width 0.1))
    (fp_line (start -13.8 -13.875) (end -9.2 -13.875) (layer Cmts.User) (width 0.1))
    (fp_line (start -9.2 -13.875) (end -9.4 -14.075) (layer Cmts.User) (width 0.1))
    (fp_line (start 8.4 -16) (end 8.2 -16.2) (layer Cmts.User) (width 0.1))
    (fp_line (start 8.4 -16) (end 8.6 -16.2) (layer Cmts.User) (width 0.1))
    (fp_line (start 8.4 -20.6) (end 8.6 -20.4) (layer Cmts.User) (width 0.1))
    (fp_line (start 8.4 -16) (end 8.4 -20.6) (layer Cmts.User) (width 0.1))
    (fp_line (start 8.4 -20.6) (end 8.2 -20.4) (layer Cmts.User) (width 0.1))
    (fp_line (start -9.12 9.1) (end -9.12 9.88) (layer F.SilkS) (width 0.12))
    (fp_line (start -9.12 9.88) (end -8.12 9.88) (layer F.SilkS) (width 0.12))
    (fp_line (start 9.12 9.1) (end 9.12 9.88) (layer F.SilkS) (width 0.12))
    (fp_line (start 9.12 9.88) (end 8.12 9.88) (layer F.SilkS) (width 0.12))
    (fp_line (start -9.12 -15.865) (end 9.12 -15.865) (layer F.SilkS) (width 0.12))
    (fp_line (start 9.12 -15.865) (end 9.12 -9.445) (layer F.SilkS) (width 0.12))
    (fp_line (start -9.12 -15.865) (end -9.12 -9.445) (layer F.SilkS) (width 0.12))
    (fp_line (start -9.12 -9.445) (end -9.5 -9.445) (layer F.SilkS) (width 0.12))
    (pad 39 smd rect (at -1 -0.755) (size 5 5) (layers F.Cu F.Paste F.Mask))
    (pad 1 smd rect (at -8.5 -8.255) (size 2 0.9) (layers F.Cu F.Paste F.Mask)
      (net 1 "Net-(U1-Pad1)"))
    (pad 2 smd rect (at -8.5 -6.985) (size 2 0.9) (layers F.Cu F.Paste F.Mask))
    (pad 3 smd rect (at -8.5 -5.715) (size 2 0.9) (layers F.Cu F.Paste F.Mask))
    (pad 4 smd rect (at -8.5 -4.445) (size 2 0.9) (layers F.Cu F.Paste F.Mask))
    (pad 5 smd rect (at -8.5 -3.175) (size 2 0.9) (layers F.Cu F.Paste F.Mask))
    (pad 6 smd rect (at -8.5 -1.905) (size 2 0.9) (layers F.Cu F.Paste F.Mask))
    (pad 7 smd rect (at -8.5 -0.635) (size 2 0.9) (layers F.Cu F.Paste F.Mask))
    (pad 8 smd rect (at -8.5 0.635) (size 2 0.9) (layers F.Cu F.Paste F.Mask))
    (pad 9 smd rect (at -8.5 1.905) (size 2 0.9) (layers F.Cu F.Paste F.Mask))
    (pad 10 smd rect (at -8.5 3.175) (size 2 0.9) (layers F.Cu F.Paste F.Mask))
    (pad 11 smd rect (at -8.5 4.445) (size 2 0.9) (layers F.Cu F.Paste F.Mask))
    (pad 12 smd rect (at -8.5 5.715) (size 2 0.9) (layers F.Cu F.Paste F.Mask))
    (pad 13 smd rect (at -8.5 6.985) (size 2 0.9) (layers F.Cu F.Paste F.Mask))
    (pad 14 smd rect (at -8.5 8.255) (size 2 0.9) (layers F.Cu F.Paste F.Mask))
    (pad 15 smd rect (at -5.715 9.255 90) (size 2 0.9) (layers F.Cu F.Paste F.Mask)
      (net 1 "Net-(U1-Pad1)"))
    (pad 16 smd rect (at -4.445 9.255 90) (size 2 0.9) (layers F.Cu F.Paste F.Mask))
    (pad 17 smd rect (at -3.175 9.255 90) (size 2 0.9) (layers F.Cu F.Paste F.Mask))
    (pad 18 smd rect (at -1.905 9.255 90) (size 2 0.9) (layers F.Cu F.Paste F.Mask))
    (pad 19 smd rect (at -0.635 9.255 90) (size 2 0.9) (layers F.Cu F.Paste F.Mask))
    (pad 20 smd rect (at 0.635 9.255 90) (size 2 0.9) (layers F.Cu F.Paste F.Mask))
    (pad 21 smd rect (at 1.905 9.255 90) (size 2 0.9) (layers F.Cu F.Paste F.Mask))
    (pad 22 smd rect (at 3.175 9.255 90) (size 2 0.9) (layers F.Cu F.Paste F.Mask))
    (pad 23 smd rect (at 4.445 9.255 90) (size 2 0.9) (layers F.Cu F.Paste F.Mask))
    (pad 24 smd rect (at 5.715 9.255 90) (size 2 0.9) (layers F.Cu F.Paste F.Mask))
    (pad 25 smd rect (at 8.5 8.255) (size 2 0.9) (layers F.Cu F.Paste F.Mask))
    (pad 26 smd rect (at 8.5 6.985) (size 2 0.9) (layers F.Cu F.Paste F.Mask))
    (pad 27 smd rect (at 8.5 5.715) (size 2 0.9) (layers F.Cu F.Paste F.Mask))
    (pad 28 smd rect (at 8.5 4.445) (size 2 0.9) (layers F.Cu F.Paste F.Mask))
    (pad 29 smd rect (at 8.5 3.175) (size 2 0.9) (layers F.Cu F.Paste F.Mask))
    (pad 30 smd rect (at 8.5 1.905) (size 2 0.9) (layers F.Cu F.Paste F.Mask))
    (pad 31 smd rect (at 8.5 0.635) (size 2 0.9) (layers F.Cu F.Paste F.Mask))
    (pad 32 smd rect (at 8.5 -0.635) (size 2 0.9) (layers F.Cu F.Paste F.Mask))
    (pad 33 smd rect (at 8.5 -1.905) (size 2 0.9) (layers F.Cu F.Paste F.Mask))
    (pad 34 smd rect (at 8.5 -3.175) (size 2 0.9) (layers F.Cu F.Paste F.Mask))
    (pad 35 smd rect (at 8.5 -4.445) (size 2 0.9) (layers F.Cu F.Paste F.Mask))
    (pad 36 smd rect (at 8.5 -5.715) (size 2 0.9) (layers F.Cu F.Paste F.Mask))
    (pad 37 smd rect (at 8.5 -6.985) (size 2 0.9) (layers F.Cu F.Paste F.Mask))
    (pad 38 smd rect (at 8.5 -8.255) (size 2 0.9) (layers F.Cu F.Paste F.Mask)
      (net 1 "Net-(U1-Pad1)"))
    (model ${KISYS3DMOD}/RF_Module.3dshapes/ESP32-WROOM-32.wrl
      (at (xyz 0 0 0))
      (scale (xyz 1 1 1))
      (rotate (xyz 0 0 0))
    )
  )

  (module Connector_RJ:RJ45_Amphenol_54602-x08_Horizontal (layer F.Cu) (tedit 5B103613) (tstamp 5C751EBF)
    (at 25.4 125.73)
    (descr "8 Pol Shallow Latch Connector, Modjack, RJ45 (https://cdn.amphenol-icc.com/media/wysiwyg/files/drawing/c-bmj-0102.pdf)")
    (tags RJ45)
    (path /5C688D10)
    (fp_text reference J1 (at 4.445 -5) (layer F.SilkS)
      (effects (font (size 1 1) (thickness 0.15)))
    )
    (fp_text value 8P8C (at 4.445 4) (layer F.Fab)
      (effects (font (size 1 1) (thickness 0.15)))
    )
    (fp_text user %R (at 4.445 2) (layer F.Fab)
      (effects (font (size 1 1) (thickness 0.15)))
    )
    (fp_line (start -4 0.5) (end -3.5 0) (layer F.SilkS) (width 0.12))
    (fp_line (start -4 -0.5) (end -4 0.5) (layer F.SilkS) (width 0.12))
    (fp_line (start -3.5 0) (end -4 -0.5) (layer F.SilkS) (width 0.12))
    (fp_line (start -3.205 13.97) (end -3.205 -2.77) (layer F.Fab) (width 0.12))
    (fp_line (start 12.095 13.97) (end -3.205 13.97) (layer F.Fab) (width 0.12))
    (fp_line (start 12.095 -3.77) (end 12.095 13.97) (layer F.Fab) (width 0.12))
    (fp_line (start -2.205 -3.77) (end 12.095 -3.77) (layer F.Fab) (width 0.12))
    (fp_line (start -3.205 -2.77) (end -2.205 -3.77) (layer F.Fab) (width 0.12))
    (fp_line (start -3.315 14.08) (end 12.205 14.08) (layer F.SilkS) (width 0.12))
    (fp_line (start 12.205 -3.88) (end 12.205 14.08) (layer F.SilkS) (width 0.12))
    (fp_line (start 12.205 -3.88) (end -3.315 -3.88) (layer F.SilkS) (width 0.12))
    (fp_line (start -3.315 -3.88) (end -3.315 14.08) (layer F.SilkS) (width 0.12))
    (fp_line (start -3.71 -4.27) (end 12.6 -4.27) (layer F.CrtYd) (width 0.05))
    (fp_line (start -3.71 -4.27) (end -3.71 14.47) (layer F.CrtYd) (width 0.05))
    (fp_line (start 12.6 14.47) (end 12.6 -4.27) (layer F.CrtYd) (width 0.05))
    (fp_line (start 12.6 14.47) (end -3.71 14.47) (layer F.CrtYd) (width 0.05))
    (pad "" np_thru_hole circle (at 10.16 6.35) (size 3.2 3.2) (drill 3.2) (layers *.Cu *.Mask))
    (pad "" np_thru_hole circle (at -1.27 6.35) (size 3.2 3.2) (drill 3.2) (layers *.Cu *.Mask))
    (pad 1 thru_hole rect (at 0 0) (size 1.5 1.5) (drill 0.76) (layers *.Cu *.Mask))
    (pad 2 thru_hole circle (at 1.27 -2.54) (size 1.5 1.5) (drill 0.76) (layers *.Cu *.Mask))
    (pad 3 thru_hole circle (at 2.54 0) (size 1.5 1.5) (drill 0.76) (layers *.Cu *.Mask))
    (pad 4 thru_hole circle (at 3.81 -2.54) (size 1.5 1.5) (drill 0.76) (layers *.Cu *.Mask))
    (pad 5 thru_hole circle (at 5.08 0) (size 1.5 1.5) (drill 0.76) (layers *.Cu *.Mask))
    (pad 6 thru_hole circle (at 6.35 -2.54) (size 1.5 1.5) (drill 0.76) (layers *.Cu *.Mask))
    (pad 7 thru_hole circle (at 7.62 0) (size 1.5 1.5) (drill 0.76) (layers *.Cu *.Mask))
    (pad 8 thru_hole circle (at 8.89 -2.54) (size 1.5 1.5) (drill 0.76) (layers *.Cu *.Mask))
    (model ${KISYS3DMOD}/Connector_RJ.3dshapes/RJ45_Amphenol_54602-x08_Horizontal.wrl
      (at (xyz 0 0 0))
      (scale (xyz 1 1 1))
      (rotate (xyz 0 0 0))
    )
  )

  (module MountingHole:MountingHole_2.7mm_M2.5 (layer F.Cu) (tedit 56D1B4CB) (tstamp 5C7522B7)
    (at 20.8 27.3)
    (descr "Mounting Hole 2.7mm, no annular, M2.5")
    (tags "mounting hole 2.7mm no annular m2.5")
    (path /5C67C753)
    (attr virtual)
    (fp_text reference H3 (at 0 -3.7) (layer F.SilkS)
      (effects (font (size 1 1) (thickness 0.15)))
    )
    (fp_text value "PCB Screw" (at 0 3.7) (layer F.Fab)
      (effects (font (size 1 1) (thickness 0.15)))
    )
    (fp_circle (center 0 0) (end 2.95 0) (layer F.CrtYd) (width 0.05))
    (fp_circle (center 0 0) (end 2.7 0) (layer Cmts.User) (width 0.15))
    (fp_text user %R (at 0.3 0) (layer F.Fab)
      (effects (font (size 1 1) (thickness 0.15)))
    )
    (pad 1 np_thru_hole circle (at 0 0) (size 2.7 2.7) (drill 2.7) (layers *.Cu *.Mask)
      (net 2 GND))
  )

  (module MountingHole:MountingHole_2.7mm_M2.5 (layer F.Cu) (tedit 56D1B4CB) (tstamp 5C7522BE)
    (at 42.2 27.3)
    (descr "Mounting Hole 2.7mm, no annular, M2.5")
    (tags "mounting hole 2.7mm no annular m2.5")
    (path /5C67C721)
    (attr virtual)
    (fp_text reference H4 (at 0 -3.7) (layer F.SilkS)
      (effects (font (size 1 1) (thickness 0.15)))
    )
    (fp_text value "PCB Screw" (at 0 3.7) (layer F.Fab)
      (effects (font (size 1 1) (thickness 0.15)))
    )
    (fp_text user %R (at 0.3 0) (layer F.Fab)
      (effects (font (size 1 1) (thickness 0.15)))
    )
    (fp_circle (center 0 0) (end 2.7 0) (layer Cmts.User) (width 0.15))
    (fp_circle (center 0 0) (end 2.95 0) (layer F.CrtYd) (width 0.05))
    (pad 1 np_thru_hole circle (at 0 0) (size 2.7 2.7) (drill 2.7) (layers *.Cu *.Mask)
      (net 2 GND))
  )

  (module MountingHole:MountingHole_2.7mm_M2.5 (layer F.Cu) (tedit 56D1B4CB) (tstamp 5C7522C5)
    (at 20.8 124.7)
    (descr "Mounting Hole 2.7mm, no annular, M2.5")
    (tags "mounting hole 2.7mm no annular m2.5")
    (path /5C67C6E9)
    (attr virtual)
    (fp_text reference H5 (at 0 -3.7) (layer F.SilkS)
      (effects (font (size 1 1) (thickness 0.15)))
    )
    (fp_text value "PCB Screw" (at 0 3.7) (layer F.Fab)
      (effects (font (size 1 1) (thickness 0.15)))
    )
    (fp_circle (center 0 0) (end 2.95 0) (layer F.CrtYd) (width 0.05))
    (fp_circle (center 0 0) (end 2.7 0) (layer Cmts.User) (width 0.15))
    (fp_text user %R (at 0.3 0) (layer F.Fab)
      (effects (font (size 1 1) (thickness 0.15)))
    )
    (pad 1 np_thru_hole circle (at 0 0) (size 2.7 2.7) (drill 2.7) (layers *.Cu *.Mask)
      (net 2 GND))
  )

  (module MountingHole:MountingHole_2.7mm_M2.5 (layer F.Cu) (tedit 56D1B4CB) (tstamp 5C7522CC)
    (at 42.2 124.7)
    (descr "Mounting Hole 2.7mm, no annular, M2.5")
    (tags "mounting hole 2.7mm no annular m2.5")
    (path /5C67C6B3)
    (attr virtual)
    (fp_text reference H6 (at 0 -3.7) (layer F.SilkS)
      (effects (font (size 1 1) (thickness 0.15)))
    )
    (fp_text value "PCB Screw" (at 0 3.7) (layer F.Fab)
      (effects (font (size 1 1) (thickness 0.15)))
    )
    (fp_text user %R (at 0.3 0) (layer F.Fab)
      (effects (font (size 1 1) (thickness 0.15)))
    )
    (fp_circle (center 0 0) (end 2.7 0) (layer Cmts.User) (width 0.15))
    (fp_circle (center 0 0) (end 2.95 0) (layer F.CrtYd) (width 0.05))
    (pad 1 np_thru_hole circle (at 0 0) (size 2.7 2.7) (drill 2.7) (layers *.Cu *.Mask)
      (net 2 GND))
  )

  (module Connector_PinHeader_2.54mm:PinHeader_1x04_P2.54mm_Vertical (layer F.Cu) (tedit 59FED5CC) (tstamp 5C75ED0A)
    (at 27.94 49.53 90)
    (descr "Through hole straight pin header, 1x04, 2.54mm pitch, single row")
    (tags "Through hole pin header THT 1x04 2.54mm single row")
    (path /5C694C1B)
    (fp_text reference J2 (at 0 -2.33 90) (layer F.SilkS)
      (effects (font (size 1 1) (thickness 0.15)))
    )
    (fp_text value "LCD Header" (at 0 9.95 90) (layer F.Fab)
      (effects (font (size 1 1) (thickness 0.15)))
    )
    (fp_line (start -0.635 -1.27) (end 1.27 -1.27) (layer F.Fab) (width 0.1))
    (fp_line (start 1.27 -1.27) (end 1.27 8.89) (layer F.Fab) (width 0.1))
    (fp_line (start 1.27 8.89) (end -1.27 8.89) (layer F.Fab) (width 0.1))
    (fp_line (start -1.27 8.89) (end -1.27 -0.635) (layer F.Fab) (width 0.1))
    (fp_line (start -1.27 -0.635) (end -0.635 -1.27) (layer F.Fab) (width 0.1))
    (fp_line (start -1.33 8.95) (end 1.33 8.95) (layer F.SilkS) (width 0.12))
    (fp_line (start -1.33 1.27) (end -1.33 8.95) (layer F.SilkS) (width 0.12))
    (fp_line (start 1.33 1.27) (end 1.33 8.95) (layer F.SilkS) (width 0.12))
    (fp_line (start -1.33 1.27) (end 1.33 1.27) (layer F.SilkS) (width 0.12))
    (fp_line (start -1.33 0) (end -1.33 -1.33) (layer F.SilkS) (width 0.12))
    (fp_line (start -1.33 -1.33) (end 0 -1.33) (layer F.SilkS) (width 0.12))
    (fp_line (start -1.8 -1.8) (end -1.8 9.4) (layer F.CrtYd) (width 0.05))
    (fp_line (start -1.8 9.4) (end 1.8 9.4) (layer F.CrtYd) (width 0.05))
    (fp_line (start 1.8 9.4) (end 1.8 -1.8) (layer F.CrtYd) (width 0.05))
    (fp_line (start 1.8 -1.8) (end -1.8 -1.8) (layer F.CrtYd) (width 0.05))
    (fp_text user %R (at 0 3.81 180) (layer F.Fab)
      (effects (font (size 1 1) (thickness 0.15)))
    )
    (pad 1 thru_hole rect (at 0 0 90) (size 1.7 1.7) (drill 1) (layers *.Cu *.Mask))
    (pad 2 thru_hole oval (at 0 2.54 90) (size 1.7 1.7) (drill 1) (layers *.Cu *.Mask))
    (pad 3 thru_hole oval (at 0 5.08 90) (size 1.7 1.7) (drill 1) (layers *.Cu *.Mask))
    (pad 4 thru_hole oval (at 0 7.62 90) (size 1.7 1.7) (drill 1) (layers *.Cu *.Mask))
    (model ${KISYS3DMOD}/Connector_PinHeader_2.54mm.3dshapes/PinHeader_1x04_P2.54mm_Vertical.wrl
      (at (xyz 0 0 0))
      (scale (xyz 1 1 1))
      (rotate (xyz 0 0 0))
    )
  )

  (module Rotary_Encoder:RotaryEncoder_Alps_EC11E-Switch_Vertical_H20mm (layer F.Cu) (tedit 5A74C8CB) (tstamp 5C75F0CC)
    (at 29.21 68.58 90)
    (descr "Alps rotary encoder, EC12E... with switch, vertical shaft, http://www.alps.com/prod/info/E/HTML/Encoder/Incremental/EC11/EC11E15204A3.html")
    (tags "rotary encoder")
    (path /5C69437E)
    (fp_text reference SW1 (at 2.8 -4.7 90) (layer F.SilkS)
      (effects (font (size 1 1) (thickness 0.15)))
    )
    (fp_text value Rotary_Encoder_Switch (at 7.5 10.4 90) (layer F.Fab)
      (effects (font (size 1 1) (thickness 0.15)))
    )
    (fp_text user %R (at 11.1 6.3 90) (layer F.Fab)
      (effects (font (size 1 1) (thickness 0.15)))
    )
    (fp_line (start 7 2.5) (end 8 2.5) (layer F.SilkS) (width 0.12))
    (fp_line (start 7.5 2) (end 7.5 3) (layer F.SilkS) (width 0.12))
    (fp_line (start 13.6 6) (end 13.6 8.4) (layer F.SilkS) (width 0.12))
    (fp_line (start 13.6 1.2) (end 13.6 3.8) (layer F.SilkS) (width 0.12))
    (fp_line (start 13.6 -3.4) (end 13.6 -1) (layer F.SilkS) (width 0.12))
    (fp_line (start 4.5 2.5) (end 10.5 2.5) (layer F.Fab) (width 0.12))
    (fp_line (start 7.5 -0.5) (end 7.5 5.5) (layer F.Fab) (width 0.12))
    (fp_line (start 0.3 -1.6) (end 0 -1.3) (layer F.SilkS) (width 0.12))
    (fp_line (start -0.3 -1.6) (end 0.3 -1.6) (layer F.SilkS) (width 0.12))
    (fp_line (start 0 -1.3) (end -0.3 -1.6) (layer F.SilkS) (width 0.12))
    (fp_line (start 1.4 -3.4) (end 1.4 8.4) (layer F.SilkS) (width 0.12))
    (fp_line (start 5.5 -3.4) (end 1.4 -3.4) (layer F.SilkS) (width 0.12))
    (fp_line (start 5.5 8.4) (end 1.4 8.4) (layer F.SilkS) (width 0.12))
    (fp_line (start 13.6 8.4) (end 9.5 8.4) (layer F.SilkS) (width 0.12))
    (fp_line (start 9.5 -3.4) (end 13.6 -3.4) (layer F.SilkS) (width 0.12))
    (fp_line (start 1.5 -2.2) (end 2.5 -3.3) (layer F.Fab) (width 0.12))
    (fp_line (start 1.5 8.3) (end 1.5 -2.2) (layer F.Fab) (width 0.12))
    (fp_line (start 13.5 8.3) (end 1.5 8.3) (layer F.Fab) (width 0.12))
    (fp_line (start 13.5 -3.3) (end 13.5 8.3) (layer F.Fab) (width 0.12))
    (fp_line (start 2.5 -3.3) (end 13.5 -3.3) (layer F.Fab) (width 0.12))
    (fp_line (start -1.5 -4.6) (end 16 -4.6) (layer F.CrtYd) (width 0.05))
    (fp_line (start -1.5 -4.6) (end -1.5 9.6) (layer F.CrtYd) (width 0.05))
    (fp_line (start 16 9.6) (end 16 -4.6) (layer F.CrtYd) (width 0.05))
    (fp_line (start 16 9.6) (end -1.5 9.6) (layer F.CrtYd) (width 0.05))
    (fp_circle (center 7.5 2.5) (end 10.5 2.5) (layer F.SilkS) (width 0.12))
    (fp_circle (center 7.5 2.5) (end 10.5 2.5) (layer F.Fab) (width 0.12))
    (pad S1 thru_hole circle (at 14.5 5 90) (size 2 2) (drill 1) (layers *.Cu *.Mask))
    (pad S2 thru_hole circle (at 14.5 0 90) (size 2 2) (drill 1) (layers *.Cu *.Mask))
    (pad MP thru_hole rect (at 7.5 8.1 90) (size 3.2 2) (drill oval 2.8 1.5) (layers *.Cu *.Mask))
    (pad MP thru_hole rect (at 7.5 -3.1 90) (size 3.2 2) (drill oval 2.8 1.5) (layers *.Cu *.Mask))
    (pad B thru_hole circle (at 0 5 90) (size 2 2) (drill 1) (layers *.Cu *.Mask))
    (pad C thru_hole circle (at 0 2.5 90) (size 2 2) (drill 1) (layers *.Cu *.Mask))
    (pad A thru_hole rect (at 0 0 90) (size 2 2) (drill 1) (layers *.Cu *.Mask))
    (model ${KISYS3DMOD}/Rotary_Encoder.3dshapes/RotaryEncoder_Alps_EC11E-Switch_Vertical_H20mm.wrl
      (at (xyz 0 0 0))
      (scale (xyz 1 1 1))
      (rotate (xyz 0 0 0))
    )
  )

  (module Button_Switch_THT:SW_TH_Tactile_Omron_B3F-10xx (layer F.Cu) (tedit 5A02FE31) (tstamp 5C75F24B)
    (at 17.78 78.74 90)
    (descr SW_TH_Tactile_Omron_B3F-10xx_https://www.omron.com/ecb/products/pdf/en-b3f.pdf)
    (tags "Omron B3F-10xx")
    (path /5C6944B8)
    (fp_text reference SW2 (at 3.25 -2.05 90) (layer F.SilkS)
      (effects (font (size 1 1) (thickness 0.15)))
    )
    (fp_text value SW_Push_Dual (at 3.2 6.5 90) (layer F.Fab)
      (effects (font (size 1 1) (thickness 0.15)))
    )
    (fp_line (start 0.25 -0.75) (end 0.25 5.25) (layer F.Fab) (width 0.1))
    (fp_line (start 6.25 -0.75) (end 6.25 5.25) (layer F.Fab) (width 0.1))
    (fp_line (start 0.25 -0.75) (end 6.25 -0.75) (layer F.Fab) (width 0.1))
    (fp_text user %R (at 3.25 2.25 90) (layer F.Fab)
      (effects (font (size 1 1) (thickness 0.15)))
    )
    (fp_line (start 7.65 -1.15) (end -1.1 -1.15) (layer F.CrtYd) (width 0.05))
    (fp_line (start 7.6 5.6) (end 7.6 -1.1) (layer F.CrtYd) (width 0.05))
    (fp_line (start -1.1 5.6) (end 7.6 5.6) (layer F.CrtYd) (width 0.05))
    (fp_line (start -1.1 -1.15) (end -1.1 5.6) (layer F.CrtYd) (width 0.05))
    (fp_circle (center 3.25 2.25) (end 4.25 3.25) (layer F.SilkS) (width 0.12))
    (fp_line (start 0.28 5.37) (end 6.22 5.37) (layer F.SilkS) (width 0.12))
    (fp_line (start 0.28 -0.87) (end 6.22 -0.87) (layer F.SilkS) (width 0.12))
    (fp_line (start 0.13 3.59) (end 0.13 0.91) (layer F.SilkS) (width 0.12))
    (fp_line (start 6.37 0.91) (end 6.37 3.59) (layer F.SilkS) (width 0.12))
    (fp_line (start 0.25 5.25) (end 6.25 5.25) (layer F.Fab) (width 0.1))
    (pad 4 thru_hole circle (at 6.5 4.5 90) (size 1.7 1.7) (drill 1) (layers *.Cu *.Mask))
    (pad 3 thru_hole circle (at 0 4.5 90) (size 1.7 1.7) (drill 1) (layers *.Cu *.Mask))
    (pad 2 thru_hole circle (at 6.5 0 90) (size 1.7 1.7) (drill 1) (layers *.Cu *.Mask))
    (pad 1 thru_hole circle (at 0 0 90) (size 1.7 1.7) (drill 1) (layers *.Cu *.Mask))
    (model ${KISYS3DMOD}/Button_Switch_THT.3dshapes/SW_TH_Tactile_Omron_B3F-10xx.wrl
      (at (xyz 0 0 0))
      (scale (xyz 1 1 1))
      (rotate (xyz 0 0 0))
    )
  )

  (module Button_Switch_THT:SW_TH_Tactile_Omron_B3F-10xx (layer F.Cu) (tedit 5A02FE31) (tstamp 5C75ED5C)
    (at 17.78 88.9 90)
    (descr SW_TH_Tactile_Omron_B3F-10xx_https://www.omron.com/ecb/products/pdf/en-b3f.pdf)
    (tags "Omron B3F-10xx")
    (path /5C694536)
    (fp_text reference SW3 (at 3.25 -2.05 90) (layer F.SilkS)
      (effects (font (size 1 1) (thickness 0.15)))
    )
    (fp_text value SW_Push_Dual (at 3.2 6.5 90) (layer F.Fab)
      (effects (font (size 1 1) (thickness 0.15)))
    )
    (fp_line (start 0.25 -0.75) (end 0.25 5.25) (layer F.Fab) (width 0.1))
    (fp_line (start 6.25 -0.75) (end 6.25 5.25) (layer F.Fab) (width 0.1))
    (fp_line (start 0.25 -0.75) (end 6.25 -0.75) (layer F.Fab) (width 0.1))
    (fp_text user %R (at 3.25 2.25 90) (layer F.Fab)
      (effects (font (size 1 1) (thickness 0.15)))
    )
    (fp_line (start 7.65 -1.15) (end -1.1 -1.15) (layer F.CrtYd) (width 0.05))
    (fp_line (start 7.6 5.6) (end 7.6 -1.1) (layer F.CrtYd) (width 0.05))
    (fp_line (start -1.1 5.6) (end 7.6 5.6) (layer F.CrtYd) (width 0.05))
    (fp_line (start -1.1 -1.15) (end -1.1 5.6) (layer F.CrtYd) (width 0.05))
    (fp_circle (center 3.25 2.25) (end 4.25 3.25) (layer F.SilkS) (width 0.12))
    (fp_line (start 0.28 5.37) (end 6.22 5.37) (layer F.SilkS) (width 0.12))
    (fp_line (start 0.28 -0.87) (end 6.22 -0.87) (layer F.SilkS) (width 0.12))
    (fp_line (start 0.13 3.59) (end 0.13 0.91) (layer F.SilkS) (width 0.12))
    (fp_line (start 6.37 0.91) (end 6.37 3.59) (layer F.SilkS) (width 0.12))
    (fp_line (start 0.25 5.25) (end 6.25 5.25) (layer F.Fab) (width 0.1))
    (pad 4 thru_hole circle (at 6.5 4.5 90) (size 1.7 1.7) (drill 1) (layers *.Cu *.Mask))
    (pad 3 thru_hole circle (at 0 4.5 90) (size 1.7 1.7) (drill 1) (layers *.Cu *.Mask))
    (pad 2 thru_hole circle (at 6.5 0 90) (size 1.7 1.7) (drill 1) (layers *.Cu *.Mask))
    (pad 1 thru_hole circle (at 0 0 90) (size 1.7 1.7) (drill 1) (layers *.Cu *.Mask))
    (model ${KISYS3DMOD}/Button_Switch_THT.3dshapes/SW_TH_Tactile_Omron_B3F-10xx.wrl
      (at (xyz 0 0 0))
      (scale (xyz 1 1 1))
      (rotate (xyz 0 0 0))
    )
  )

  (module Button_Switch_THT:SW_TH_Tactile_Omron_B3F-10xx (layer F.Cu) (tedit 5A02FE31) (tstamp 5C75ED72)
    (at 29.21 78.74 90)
    (descr SW_TH_Tactile_Omron_B3F-10xx_https://www.omron.com/ecb/products/pdf/en-b3f.pdf)
    (tags "Omron B3F-10xx")
    (path /5C694574)
    (fp_text reference SW4 (at 3.25 -2.05 90) (layer F.SilkS)
      (effects (font (size 1 1) (thickness 0.15)))
    )
    (fp_text value SW_Push_Dual (at 3.2 6.5 90) (layer F.Fab)
      (effects (font (size 1 1) (thickness 0.15)))
    )
    (fp_line (start 0.25 5.25) (end 6.25 5.25) (layer F.Fab) (width 0.1))
    (fp_line (start 6.37 0.91) (end 6.37 3.59) (layer F.SilkS) (width 0.12))
    (fp_line (start 0.13 3.59) (end 0.13 0.91) (layer F.SilkS) (width 0.12))
    (fp_line (start 0.28 -0.87) (end 6.22 -0.87) (layer F.SilkS) (width 0.12))
    (fp_line (start 0.28 5.37) (end 6.22 5.37) (layer F.SilkS) (width 0.12))
    (fp_circle (center 3.25 2.25) (end 4.25 3.25) (layer F.SilkS) (width 0.12))
    (fp_line (start -1.1 -1.15) (end -1.1 5.6) (layer F.CrtYd) (width 0.05))
    (fp_line (start -1.1 5.6) (end 7.6 5.6) (layer F.CrtYd) (width 0.05))
    (fp_line (start 7.6 5.6) (end 7.6 -1.1) (layer F.CrtYd) (width 0.05))
    (fp_line (start 7.65 -1.15) (end -1.1 -1.15) (layer F.CrtYd) (width 0.05))
    (fp_text user %R (at 3.25 2.25 90) (layer F.Fab)
      (effects (font (size 1 1) (thickness 0.15)))
    )
    (fp_line (start 0.25 -0.75) (end 6.25 -0.75) (layer F.Fab) (width 0.1))
    (fp_line (start 6.25 -0.75) (end 6.25 5.25) (layer F.Fab) (width 0.1))
    (fp_line (start 0.25 -0.75) (end 0.25 5.25) (layer F.Fab) (width 0.1))
    (pad 1 thru_hole circle (at 0 0 90) (size 1.7 1.7) (drill 1) (layers *.Cu *.Mask))
    (pad 2 thru_hole circle (at 6.5 0 90) (size 1.7 1.7) (drill 1) (layers *.Cu *.Mask))
    (pad 3 thru_hole circle (at 0 4.5 90) (size 1.7 1.7) (drill 1) (layers *.Cu *.Mask))
    (pad 4 thru_hole circle (at 6.5 4.5 90) (size 1.7 1.7) (drill 1) (layers *.Cu *.Mask))
    (model ${KISYS3DMOD}/Button_Switch_THT.3dshapes/SW_TH_Tactile_Omron_B3F-10xx.wrl
      (at (xyz 0 0 0))
      (scale (xyz 1 1 1))
      (rotate (xyz 0 0 0))
    )
  )

  (module Button_Switch_THT:SW_TH_Tactile_Omron_B3F-10xx (layer F.Cu) (tedit 5A02FE31) (tstamp 5C75ED88)
    (at 29.21 88.9 90)
    (descr SW_TH_Tactile_Omron_B3F-10xx_https://www.omron.com/ecb/products/pdf/en-b3f.pdf)
    (tags "Omron B3F-10xx")
    (path /5C6945BA)
    (fp_text reference SW5 (at 3.25 -2.05 90) (layer F.SilkS)
      (effects (font (size 1 1) (thickness 0.15)))
    )
    (fp_text value SW_Push_Dual (at 3.2 6.5 90) (layer F.Fab)
      (effects (font (size 1 1) (thickness 0.15)))
    )
    (fp_line (start 0.25 -0.75) (end 0.25 5.25) (layer F.Fab) (width 0.1))
    (fp_line (start 6.25 -0.75) (end 6.25 5.25) (layer F.Fab) (width 0.1))
    (fp_line (start 0.25 -0.75) (end 6.25 -0.75) (layer F.Fab) (width 0.1))
    (fp_text user %R (at 3.25 2.25 90) (layer F.Fab)
      (effects (font (size 1 1) (thickness 0.15)))
    )
    (fp_line (start 7.65 -1.15) (end -1.1 -1.15) (layer F.CrtYd) (width 0.05))
    (fp_line (start 7.6 5.6) (end 7.6 -1.1) (layer F.CrtYd) (width 0.05))
    (fp_line (start -1.1 5.6) (end 7.6 5.6) (layer F.CrtYd) (width 0.05))
    (fp_line (start -1.1 -1.15) (end -1.1 5.6) (layer F.CrtYd) (width 0.05))
    (fp_circle (center 3.25 2.25) (end 4.25 3.25) (layer F.SilkS) (width 0.12))
    (fp_line (start 0.28 5.37) (end 6.22 5.37) (layer F.SilkS) (width 0.12))
    (fp_line (start 0.28 -0.87) (end 6.22 -0.87) (layer F.SilkS) (width 0.12))
    (fp_line (start 0.13 3.59) (end 0.13 0.91) (layer F.SilkS) (width 0.12))
    (fp_line (start 6.37 0.91) (end 6.37 3.59) (layer F.SilkS) (width 0.12))
    (fp_line (start 0.25 5.25) (end 6.25 5.25) (layer F.Fab) (width 0.1))
    (pad 4 thru_hole circle (at 6.5 4.5 90) (size 1.7 1.7) (drill 1) (layers *.Cu *.Mask))
    (pad 3 thru_hole circle (at 0 4.5 90) (size 1.7 1.7) (drill 1) (layers *.Cu *.Mask))
    (pad 2 thru_hole circle (at 6.5 0 90) (size 1.7 1.7) (drill 1) (layers *.Cu *.Mask))
    (pad 1 thru_hole circle (at 0 0 90) (size 1.7 1.7) (drill 1) (layers *.Cu *.Mask))
    (model ${KISYS3DMOD}/Button_Switch_THT.3dshapes/SW_TH_Tactile_Omron_B3F-10xx.wrl
      (at (xyz 0 0 0))
      (scale (xyz 1 1 1))
      (rotate (xyz 0 0 0))
    )
  )

  (module Button_Switch_THT:SW_TH_Tactile_Omron_B3F-10xx (layer F.Cu) (tedit 5A02FE31) (tstamp 5C75ED9E)
    (at 40.64 78.74 90)
    (descr SW_TH_Tactile_Omron_B3F-10xx_https://www.omron.com/ecb/products/pdf/en-b3f.pdf)
    (tags "Omron B3F-10xx")
    (path /5C69460C)
    (fp_text reference SW6 (at 3.25 -2.05 90) (layer F.SilkS)
      (effects (font (size 1 1) (thickness 0.15)))
    )
    (fp_text value SW_Push_Dual (at 3.2 6.5 90) (layer F.Fab)
      (effects (font (size 1 1) (thickness 0.15)))
    )
    (fp_line (start 0.25 5.25) (end 6.25 5.25) (layer F.Fab) (width 0.1))
    (fp_line (start 6.37 0.91) (end 6.37 3.59) (layer F.SilkS) (width 0.12))
    (fp_line (start 0.13 3.59) (end 0.13 0.91) (layer F.SilkS) (width 0.12))
    (fp_line (start 0.28 -0.87) (end 6.22 -0.87) (layer F.SilkS) (width 0.12))
    (fp_line (start 0.28 5.37) (end 6.22 5.37) (layer F.SilkS) (width 0.12))
    (fp_circle (center 3.25 2.25) (end 4.25 3.25) (layer F.SilkS) (width 0.12))
    (fp_line (start -1.1 -1.15) (end -1.1 5.6) (layer F.CrtYd) (width 0.05))
    (fp_line (start -1.1 5.6) (end 7.6 5.6) (layer F.CrtYd) (width 0.05))
    (fp_line (start 7.6 5.6) (end 7.6 -1.1) (layer F.CrtYd) (width 0.05))
    (fp_line (start 7.65 -1.15) (end -1.1 -1.15) (layer F.CrtYd) (width 0.05))
    (fp_text user %R (at 3.25 2.25 90) (layer F.Fab)
      (effects (font (size 1 1) (thickness 0.15)))
    )
    (fp_line (start 0.25 -0.75) (end 6.25 -0.75) (layer F.Fab) (width 0.1))
    (fp_line (start 6.25 -0.75) (end 6.25 5.25) (layer F.Fab) (width 0.1))
    (fp_line (start 0.25 -0.75) (end 0.25 5.25) (layer F.Fab) (width 0.1))
    (pad 1 thru_hole circle (at 0 0 90) (size 1.7 1.7) (drill 1) (layers *.Cu *.Mask))
    (pad 2 thru_hole circle (at 6.5 0 90) (size 1.7 1.7) (drill 1) (layers *.Cu *.Mask))
    (pad 3 thru_hole circle (at 0 4.5 90) (size 1.7 1.7) (drill 1) (layers *.Cu *.Mask))
    (pad 4 thru_hole circle (at 6.5 4.5 90) (size 1.7 1.7) (drill 1) (layers *.Cu *.Mask))
    (model ${KISYS3DMOD}/Button_Switch_THT.3dshapes/SW_TH_Tactile_Omron_B3F-10xx.wrl
      (at (xyz 0 0 0))
      (scale (xyz 1 1 1))
      (rotate (xyz 0 0 0))
    )
  )

  (module Button_Switch_THT:SW_TH_Tactile_Omron_B3F-10xx (layer F.Cu) (tedit 5A02FE31) (tstamp 5C75EDB4)
    (at 40.64 88.9 90)
    (descr SW_TH_Tactile_Omron_B3F-10xx_https://www.omron.com/ecb/products/pdf/en-b3f.pdf)
    (tags "Omron B3F-10xx")
    (path /5C694662)
    (fp_text reference SW7 (at 3.25 -2.05 90) (layer F.SilkS)
      (effects (font (size 1 1) (thickness 0.15)))
    )
    (fp_text value Shift (at 3.2 6.5 90) (layer F.Fab)
      (effects (font (size 1 1) (thickness 0.15)))
    )
    (fp_line (start 0.25 -0.75) (end 0.25 5.25) (layer F.Fab) (width 0.1))
    (fp_line (start 6.25 -0.75) (end 6.25 5.25) (layer F.Fab) (width 0.1))
    (fp_line (start 0.25 -0.75) (end 6.25 -0.75) (layer F.Fab) (width 0.1))
    (fp_text user %R (at 3.25 2.25 90) (layer F.Fab)
      (effects (font (size 1 1) (thickness 0.15)))
    )
    (fp_line (start 7.65 -1.15) (end -1.1 -1.15) (layer F.CrtYd) (width 0.05))
    (fp_line (start 7.6 5.6) (end 7.6 -1.1) (layer F.CrtYd) (width 0.05))
    (fp_line (start -1.1 5.6) (end 7.6 5.6) (layer F.CrtYd) (width 0.05))
    (fp_line (start -1.1 -1.15) (end -1.1 5.6) (layer F.CrtYd) (width 0.05))
    (fp_circle (center 3.25 2.25) (end 4.25 3.25) (layer F.SilkS) (width 0.12))
    (fp_line (start 0.28 5.37) (end 6.22 5.37) (layer F.SilkS) (width 0.12))
    (fp_line (start 0.28 -0.87) (end 6.22 -0.87) (layer F.SilkS) (width 0.12))
    (fp_line (start 0.13 3.59) (end 0.13 0.91) (layer F.SilkS) (width 0.12))
    (fp_line (start 6.37 0.91) (end 6.37 3.59) (layer F.SilkS) (width 0.12))
    (fp_line (start 0.25 5.25) (end 6.25 5.25) (layer F.Fab) (width 0.1))
    (pad 4 thru_hole circle (at 6.5 4.5 90) (size 1.7 1.7) (drill 1) (layers *.Cu *.Mask))
    (pad 3 thru_hole circle (at 0 4.5 90) (size 1.7 1.7) (drill 1) (layers *.Cu *.Mask))
    (pad 2 thru_hole circle (at 6.5 0 90) (size 1.7 1.7) (drill 1) (layers *.Cu *.Mask))
    (pad 1 thru_hole circle (at 0 0 90) (size 1.7 1.7) (drill 1) (layers *.Cu *.Mask))
    (model ${KISYS3DMOD}/Button_Switch_THT.3dshapes/SW_TH_Tactile_Omron_B3F-10xx.wrl
      (at (xyz 0 0 0))
      (scale (xyz 1 1 1))
      (rotate (xyz 0 0 0))
    )
  )

  (module Button_Switch_THT:SW_TH_Tactile_Omron_B3F-10xx (layer F.Cu) (tedit 5A02FE31) (tstamp 5C75EDCA)
    (at 41.91 64.77 90)
    (descr SW_TH_Tactile_Omron_B3F-10xx_https://www.omron.com/ecb/products/pdf/en-b3f.pdf)
    (tags "Omron B3F-10xx")
    (path /5C6946AE)
    (fp_text reference SW8 (at 3.25 -2.05 90) (layer F.SilkS)
      (effects (font (size 1 1) (thickness 0.15)))
    )
    (fp_text value Stop (at 3.2 6.5 90) (layer F.Fab)
      (effects (font (size 1 1) (thickness 0.15)))
    )
    (fp_line (start 0.25 5.25) (end 6.25 5.25) (layer F.Fab) (width 0.1))
    (fp_line (start 6.37 0.91) (end 6.37 3.59) (layer F.SilkS) (width 0.12))
    (fp_line (start 0.13 3.59) (end 0.13 0.91) (layer F.SilkS) (width 0.12))
    (fp_line (start 0.28 -0.87) (end 6.22 -0.87) (layer F.SilkS) (width 0.12))
    (fp_line (start 0.28 5.37) (end 6.22 5.37) (layer F.SilkS) (width 0.12))
    (fp_circle (center 3.25 2.25) (end 4.25 3.25) (layer F.SilkS) (width 0.12))
    (fp_line (start -1.1 -1.15) (end -1.1 5.6) (layer F.CrtYd) (width 0.05))
    (fp_line (start -1.1 5.6) (end 7.6 5.6) (layer F.CrtYd) (width 0.05))
    (fp_line (start 7.6 5.6) (end 7.6 -1.1) (layer F.CrtYd) (width 0.05))
    (fp_line (start 7.65 -1.15) (end -1.1 -1.15) (layer F.CrtYd) (width 0.05))
    (fp_text user %R (at 3.25 2.25 90) (layer F.Fab)
      (effects (font (size 1 1) (thickness 0.15)))
    )
